12
1 1 1 1 1 1 1 1 1 1 1 1

0 2 4 6 3 5 7 8 6 5 7 1
2 0 4 3 2 5 1 4 3 7 2 6
4 4 0 1 8 8 6 9 1 1 10 9
6 3 1 0 2 10 11 7 10 11 11 12
3 2 8 2 0 10 20 20 9 19 19 20
5 5 8 10 10 0 20 18 13 15 14 12
7 1 6 11 20 20 0 11 13 15 12 16
8 4 9 7 20 18 11 0 3 14 17 13
6 3 1 10 9 13 13 3 0 19 21 15
5 7 1 11 19 15 15 14 19 0 8 22
7 2 10 11 19 14 12 17 21 8 0 13
1 6 9 12 20 12 16 13 15 22 13 0